NR	ID	LOC	COM	RANK	OLD_ID	X_UTM32	Y_UTM32	X_LAM93	Y_LAM93	X_WGS84	Y_WGS84	ELEV
1	ARA_KS_001	ARA	KS	001	ARA_km	294873	4993841	967058	6446745	6.39427	45.06830	2630
2	ARA_PA_002	ARA	PA	002	ARA_rk	294897	4993800	967086	6446706	6.39459	45.06794	2630
3	ARA_AP_003	ARA	AP	003		294884	4993718	967079	6446624	6.39446	45.06720	2630
4	ARA_SH_004	ARA	SH	004		294879	4993690	967076	6446595	6.39441	45.06694	2630
5	ARA_FG_005	ARA	FG	005		294870	4993811	967057	6446716	6.39425	45.06803	2630
6	ARA_FG_006	ARA	FG	006		294849	4993808	967037	6446711	6.39398	45.06800	2630
7	ARA_FQ_007	ARA	FQ	007		294926	4993829	967112	6446738	6.39495	45.06821	2630
8	ARA_KS_008	ARA	KS	008		294914	4993816	967101	6446723	6.39480	45.06809	2630
9	ARA_SH_009	ARA	SH	009	ARA_sh	294838	4993675	967035	6446578	6.39390	45.06680	2630
10	ARA_PA_010	ARA	PA	010		294798	4993753	966990	6446652	6.39336	45.06749	2630
11	ARA_PA_011	ARA	PA	011		294804	4993753	966996	6446652	6.39343	45.06749	2630
12	ARA_KS_012	ARA	KS	012		294799	4993759	966991	6446658	6.39337	45.06754	2630
13	ARA_KS_013	ARA	KS	013		294793	4993765	966984	6446663	6.39329	45.06759	2630
14	ARA_AP_014	ARA	AP	014		294838	4993755	967030	6446657	6.39386	45.06752	2630
15	ARA_FG_015	ARA	FG	015		294881	4993799	967069	6446704	6.39439	45.06792	2630
16	ARA_FG_016	ARA	FG	016	ARA_fv	294888	4993810	967076	6446716	6.39448	45.06803	2630
17	ARA_SH_017	ARA	SH	017		294896	4993717	967090	6446624	6.39461	45.06719	2630
18	ARA_SH_018	ARA	SH	018		294907	4993755	967099	6446662	6.39474	45.06754	2630
19	ARA_AP_019	ARA	AP	019		294912	4993760	967104	6446668	6.39480	45.06758	2630
20	ARA_AP_020	ARA	AP	020		294901	4993649	967100	6446556	6.39471	45.06658	2630
21	ARA_SH_021	ARA	SH	021		294905	4993642	967105	6446549	6.39476	45.06652	2630
22	ARA_CR_022	ARA	CR	022		294915	4993644	967115	6446552	6.39489	45.06654	2630
23	ARA_KS_023	ARA	KS	023		294924	4993648	967124	6446557	6.39500	45.06658	2630
24	ARA_PS_024	ARA	PS	024		294931	4993776	967121	6446685	6.39503	45.06773	2630
25	ARA_FQ_025	ARA	FQ	025		294977	4993837	967162	6446749	6.39559	45.06829	2630
26	ARA_FQ_026	ARA	FQ	026		294932	4993681	967129	6446590	6.39509	45.06688	2630
27	ARA_CR_027	ARA	CR	027		294954	4993810	967141	6446720	6.39531	45.06804	2630
28	ARA_CR_028	ARA	CR	028		294946	4993705	967141	6446615	6.39525	45.06710	2630
29	ARA_PA_029	ARA	PA	029		294911	4993711	967105	6446619	6.39481	45.06714	2630
30	ARA_SH_030	ARA	SH	030		294912	4993699	967108	6446607	6.39483	45.06703	2630
31	ARA_PA_031	ARA	PA	031		294945	4993796	967134	6446706	6.39520	45.06792	2630
32	ARA_PA_032	ARA	PA	032		294942	4993822	967129	6446732	6.39516	45.06815	2630
33	ARA_SH_033	ARA	SH	033		294826	4993646	967026	6446547	6.39376	45.06653	2630
34	ARA_CF_034	ARA	CF	034	ARA_cf	294835	4993688	967032	6446590	6.39385	45.06691	2630
35	ARA_CF_035	ARA	CF	035		294823	4993695	967019	6446596	6.39370	45.06697	2630
36	ARA_AP_036	ARA	AP	036	ARA_ap	294926	4993744	967118	6446653	6.39498	45.06744	2630
37	ARA_PS_037	ARA	PS	037		294929	4993738	967122	6446647	6.39502	45.06739	2630
38	ARA_PS_038	ARA	PS	038		294950	4993737	967142	6446648	6.39529	45.06739	2630
39	ARA_PA_039	ARA	PA	039		294910	4993802	967098	6446710	6.39476	45.06796	2630
40	ARA_PA_040	ARA	PA	040		294913	4993800	967101	6446707	6.39480	45.06794	2630
41	ARA_SH_041	ARA	SH	041		294882	4993698	967078	6446604	6.39444	45.06702	2630
42	ARA_AP_042	ARA	AP	042		294884	4993700	967080	6446606	6.39447	45.06703	2630
43	ARA_AP_043	ARA	AP	043		294869	4993707	967064	6446611	6.39428	45.06709	2630
44	ARA_AP_044	ARA	AP	044		294868	4993705	967063	6446610	6.39426	45.06708	2630
45	ARA_AP_045	ARA	AP	045		294929	4993780	967118	6446689	6.39501	45.06777	2630
46	ARA_AP_046	ARA	AP	046		294930	4993780	967120	6446689	6.39502	45.06777	2630
47	ARA_CF_047	ARA	CF	047		294909	4993777	967099	6446684	6.39476	45.06773	2630
48	ARA_AP_048	ARA	AP	048		294936	4993791	967125	6446700	6.39509	45.06787	2630
49	ARA_SH_049	ARA	SH	049		294940	4993711	967135	6446621	6.39518	45.06715	2630
50	ARA_SH_050	ARA	SH	050		295000	4993721	967194	6446636	6.39593	45.06726	2630
51	ARA_SH_051	ARA	SH	051		294955	4993758	967146	6446669	6.39535	45.06758	2630
52	ARA_CR_052	ARA	CR	052		294948	4993782	967138	6446693	6.39525	45.06779	2630
53	ARA_FG_053	ARA	FG	053		295004	4993740	967196	6446655	6.39598	45.06743	2630
54	ARA_CR_054	ARA	CR	054		294990	4993781	967180	6446694	6.39578	45.06779	2630
55	ARA_SH_055	ARA	SH	055		294900	4993745	967092	6446652	6.39465	45.06744	2630
56	ARA_FG_056	ARA	FG	056		294779	4993719	966974	6446617	6.39313	45.06718	2630
57	ARA_PA_057	ARA	PA	057		294782	4993701	966978	6446599	6.39317	45.06701	2630
58	ARA_PA_058	ARA	PA	058		294807	4993736	967001	6446636	6.39348	45.06734	2630
59	ARA_SH_059	ARA	SH	059		294817	4993704	967013	6446604	6.39362	45.06705	2630
60	ARA_FQ_060	ARA	FQ	060		294812	4993784	967002	6446684	6.39352	45.06777	2630
61	ARA_SH_061	ARA	SH	061		294832	4993778	967022	6446680	6.39378	45.06772	2630
62	ARA_PA_062	ARA	PA	062		294831	4993726	967025	6446628	6.39379	45.06725	2630
63	ARA_FG_063	ARA	FG	063		294830	4993736	967023	6446638	6.39377	45.06734	2630
64	ARA_FG_064	ARA	FG	064		294906	4993662	967104	6446570	6.39476	45.06670	2630
65	ARA_FG_065	ARA	FG	065		294876	4993772	967066	6446677	6.39434	45.06768	2630
66	ARA_FG_066	ARA	FG	066		294894	4993692	967091	6446598	6.39460	45.06697	2630
67	ARA_FG_067	ARA	FG	067		294880	4993676	967078	6446582	6.39443	45.06682	2630
68	ARA_FG_068	ARA	FG	068		294900	4993699	967096	6446606	6.39467	45.06703	2630
69	ARA_FG_069	ARA	FG	069	ARA_FG_077	294894	4993832	967080	6446738	6.39454	45.06822	2630
70	ARA_SR_070	ARA	SR	070	ARA_sr	294879	4993862	967062	6446767	6.39434	45.06849	2630
71	ARA_SR_071	ARA	SR	071		294897	4993868	967080	6446774	6.39457	45.06855	2630
72	ARA_KS_072	ARA	KS	072		294887	4993843	967072	6446749	6.39445	45.06832	2630
73	ARA_SH_073	ARA	SH	073		294970	4993731	967163	6446643	6.39555	45.06734	2630
74	ARA_FG_074	ARA	FG	074		294858	4993785	967048	6446688	6.39410	45.06779	2630
75	ARA_FG_075	ARA	FG	075		294864	4993795	967053	6446699	6.39418	45.06788	2630
76	ARA_KS_076	ARA	KS	076		294948	4993837	967134	6446747	6.39523	45.06829	2630
77	ARA_SH_077	ARA	SH	077		294893	4993770	967084	6446676	6.39456	45.06767	2630
